1745226243709 134.12855529785156 0
1745226250451 7.60563850402832 1
1745226257148 7.243525981903076 2
1745226263940 7.253005027770996 3
1745226270675 7.318436622619629 4
1745226277362 6.886000156402588 5
1745226284262 6.747255802154541 6
1745226291161 6.670265197753906 7
1745226298337 6.542154312133789 8
1745226305350 6.629826068878174 9
1745226316594 15.483414649963379 0
1745226318343 7.91367769241333 1
1745226320055 7.810121536254883 2
1745226321843 7.365652561187744 3
1745226323510 7.302609920501709 4
1745226325177 6.959114074707031 5
1745226326798 6.95411491394043 6
1745226328419 6.8260722160339355 7
1745226329996 6.765659809112549 8
1745226331617 6.834563732147217 9
1745226353147 1202.18505859375 0
1745226366309 12.678196907043457 1
1745226385452 12.505935668945312 2
1745226404675 12.721620559692383 3
1745226417629 13.241268157958984 4
1745226429205 12.214029312133789 5
1745226440238 10.475791931152344 6
1745226451253 9.99000358581543 7
1745226462180 9.245820999145508 8
1745226473346 8.422447204589844 9
1745226491911 163.6659393310547 0
1745226500292 6.7389678955078125 1
1745226508624 6.694037914276123 2
1745226516960 6.734744548797607 3
1745226525362 6.6120076179504395 4
1745226533783 6.466823577880859 5
1745226542215 6.4811601638793945 6
1745226550647 6.436249256134033 7
1745226559163 6.33738374710083 8
1745226567518 6.310432434082031 9
1745226600049 26.347332000732422 0
1745226622052 7.660769939422607 1
1745226644332 7.086781978607178 2
1745226666737 6.903348445892334 3
1745226689366 7.0669426918029785 4
1745226711371 6.886923313140869 5
1745226751275 6.855473518371582 6
1745226772817 6.519554615020752 7
1745226794459 6.656052112579346 8
1745226823779 6.4367241859436035 9
1745226851386 31.712318420410156 0
1745226867422 9.205144882202148 1
1745226883729 9.800785064697266 2
1745226899720 8.908793449401855 3
1745226910666 8.632253646850586 4
1745226920272 8.412372589111328 5
1745226929820 8.102258682250977 6
1745226939242 7.979316234588623 7
1745226948444 10.286800384521484 8
1745226957733 9.410627365112305 9
1745226981375 837.9177856445312 0
1745226994099 6.6859517097473145 1
1745227006883 6.468423843383789 2
1745227019647 6.305451393127441 3
1745227032304 6.208592891693115 4
1745227044933 6.137340545654297 5
1745227057587 6.104400634765625 6
1745227070177 6.024445533752441 7
1745227083187 6.0018630027771 8
1745227096249 5.941944599151611 9
1745227107926 27.91185760498047 0
1745227110150 8.458518028259277 1
1745227111946 8.064681053161621 2
1745227114300 8.271586418151855 3
1745227117504 7.355706214904785 4
1745227120730 7.6494927406311035 5
1745227124298 7.4043288230896 6
1745227127583 7.323770999908447 7
1745227131068 7.244858741760254 8
1745227134459 7.0702948570251465 9
1745227149092 33.46112823486328 0
1745227153134 9.747237205505371 1
1745227156946 9.953255653381348 2
1745227160991 8.531477928161621 3
1745227164853 8.332149505615234 4
1745227168656 7.83289098739624 5
1745227172614 7.869663238525391 6
1745227176497 7.502345561981201 7
1745227180429 7.558116912841797 8
1745227184350 7.444019794464111 9
1745227270556 3543.1220703125 0
1745227348021 14.438963890075684 1
1745227396289 12.004963874816895 2
1745227439412 12.738395690917969 3
1745227484518 14.083831787109375 4
1745227529366 12.486543655395508 5
1745227574902 13.356772422790527 6
1745227621246 13.367701530456543 7
1745227666366 11.30437183380127 8
1745227713592 11.328058242797852 9
